5.589167
5.605449
5.494748
5.330581
5.148949
4.999734
4.876907
4.706146
4.593575
4.345862
4.784186
4.489095
4.266597
4.244620
4.140814
4.091844
4.018081
4.036862
4.116117
3.948913
4.040812
3.846737
3.947393
3.799015
3.907032
3.592453
3.766541
3.700418
3.718087
3.788751
3.580644
3.418209
3.302146
3.663569
3.498779
3.181288
3.387463
3.498441
3.378237
3.536535
3.472507
3.467025
3.456005
3.531401
3.483918
3.277591
3.394784
3.171479
3.334484
3.346299
3.409936
3.445086
3.308832
3.136227
3.051040
3.396396
3.239630
3.058356
3.188161
3.289464
